sp|O14793|GDF8_HUMAN	O14793	100.0	375	0	0	1	375	1	375	9.0e-226	781.6
sp|O14793|GDF8_HUMAN	O18831	97.9	375	8	0	1	375	1	375	3.0e-221	766.5
sp|O14793|GDF8_HUMAN	O08689	96.3	375	14	0	1	375	2	376	3.1e-218	756.5
sp|O14793|GDF8_HUMAN	O35312	95.2	374	18	0	2	375	3	376	5.5e-215	745.7
sp|O14793|GDF8_HUMAN	O42222	68.5	371	112	3	8	375	6	374	4.0e-149	526.9
sp|O14793|GDF8_HUMAN	Q9Z217	65.3	346	111	2	39	375	60	405	1.3e-136	485.3
sp|O14793|GDF8_HUMAN	Q9Z1W4	65.3	346	111	2	39	375	60	405	1.3e-136	485.3
sp|O14793|GDF8_HUMAN	O95390	65.3	346	111	2	39	375	62	407	1.3e-136	485.3
sp|O14793|GDF8_HUMAN	P17491	30.9	353	194	17	53	375	79	411	4.9e-30	131.3
sp|O14793|GDF8_HUMAN	Q04999	30.9	353	194	17	53	375	79	411	4.9e-30	131.3
sp|O14793|GDF8_HUMAN	P09529	29.5	353	199	16	53	375	75	407	1.6e-28	126.3
sp|O14793|GDF8_HUMAN	P04088	29.2	353	200	16	53	375	75	407	3.5e-28	125.2
sp|O14793|GDF8_HUMAN	Q07258	27.0	381	220	14	49	375	36	412	6.6e-27	120.9
sp|O14793|GDF8_HUMAN	P17125	27.0	381	220	14	49	375	34	410	8.6e-27	120.6
sp|O14793|GDF8_HUMAN	P10600	26.8	381	221	13	49	375	36	412	5.6e-26	117.9
sp|O14793|GDF8_HUMAN	P15203	27.0	378	223	14	49	375	34	409	6.2e-25	114.4
sp|O14793|GDF8_HUMAN	P35621	33.0	224	130	8	166	374	136	354	6.2e-25	114.4
sp|O14793|GDF8_HUMAN	P04202	27.4	361	216	12	49	375	42	390	8.9e-24	110.5
sp|O14793|GDF8_HUMAN	P17246	28.1	359	216	11	49	375	42	390	3.4e-23	108.6
sp|O14793|GDF8_HUMAN	Q04906	31.7	208	106	6	203	374	298	505	1.7e-22	106.3
sp|O14793|GDF8_HUMAN	P18331	25.0	384	225	12	47	375	49	424	1.7e-22	106.3
sp|O14793|GDF8_HUMAN	Q04998	25.0	384	225	12	47	375	49	424	1.7e-22	106.3
sp|O14793|GDF8_HUMAN	P22004	31.7	208	106	6	203	374	305	512	2.2e-22	105.9
sp|O14793|GDF8_HUMAN	P01137	27.6	359	218	12	49	375	42	390	2.9e-22	105.5
sp|O14793|GDF8_HUMAN	P20722	31.7	208	106	6	203	374	302	509	4.9e-22	104.8
